000000100000000000100000000000000000000000000000
000000100000000000100000000000000000000000000000
000000100000000000100000000000000000000000000000
000000100000000000100000000000000000000000000000
000011100000000000100000000000000000000000000000
000010000000000000100000000000000000000000000000
000010000000000000100000000000000000000000000000
000010000000111111100000000000000000000000000000
000010000000100000000000000000000000000000000000
000010000000100000000000000000000000000000000000
000010000000100000000000000000000000000000000000
000010000000100000000000000000000000000000000000
000010000000100000000000000000000000000000000000
000010000000100000000000000000000000000000000000
000010000000100000000000000000000000000000000000
000010000000100000000000000000000000000000000000
000010000000100000000000000000000000000000000000
000011111111100000000000000000000000000000000000
000010000000000000000000000000000000000000000000
000010000000000000000000000000000000000000000000
000010000000000000000000000000000000000000000000
000010000000000000000000000000000000000000000000
000010000000000000000000000000000000000000000000
000010000000000000000000000000000000000000000000
000010000000000000000000000000000000000000000000
000010000000000000000000000000000000000000000000
000010000000000000000000000000000000000000000000
000011110000000000000000000000000000000000000000
000000010000000000000000000000000000000000000000
000000010000000000000000000000000000000000000000
000000010000000000000000000000000000000000000000
000000010000000000000000000000000000000000000000
000000010000000000000000000000000000000000000000
000000010000000000000000000000000000000000000000
000000010000000000000000000000000000000000000000
000000010000000000000000000000000000000000000000
000000011111110000000000000000000000000000000000
000000000000010000000000000000000000000000000000
000000000000010000000000000000000000000000000000
000000000000010000000000000000000000000000000000
000000000000010000000000000000000000000000000000
000000000000010000000000000000000000000000000000